function acc = accent(m)
%Accent colormap
%   accent(M), is an M-by-3 matrix containing
%   the accent colormap which may be used by CONTOUR, SURF and PCOLOR.

A = [
4.980392158031463623e-01,7.882353067398071289e-01,4.980392158031463623e-01,1.000000000000000000e+00
5.048212231374253900e-01,7.853287325185888124e-01,5.071895428732329236e-01,1.000000000000000000e+00
5.116032304717045287e-01,7.824221582973704958e-01,5.163398699433195960e-01,1.000000000000000000e+00
5.183852378059835564e-01,7.795155840761521793e-01,5.254901970134061573e-01,1.000000000000000000e+00
5.251672451402626951e-01,7.766090098549337517e-01,5.346405240834928296e-01,1.000000000000000000e+00
5.319492524745417228e-01,7.737024356337154352e-01,5.437908511535793910e-01,1.000000000000000000e+00
5.387312598088208615e-01,7.707958614124971186e-01,5.529411782236660633e-01,1.000000000000000000e+00
5.455132671430998892e-01,7.678892871912788021e-01,5.620915052937526246e-01,1.000000000000000000e+00
5.522952744773790279e-01,7.649827129700604855e-01,5.712418323638392970e-01,1.000000000000000000e+00
5.590772818116580556e-01,7.620761387488421690e-01,5.803921594339258583e-01,1.000000000000000000e+00
5.658592891459371943e-01,7.591695645276237414e-01,5.895424865040124196e-01,1.000000000000000000e+00
5.726412964802162220e-01,7.562629903064054249e-01,5.986928135740990919e-01,1.000000000000000000e+00
5.794233038144953607e-01,7.533564160851871083e-01,6.078431406441856533e-01,1.000000000000000000e+00
5.862053111487743884e-01,7.504498418639687918e-01,6.169934677142723256e-01,1.000000000000000000e+00
5.929873184830535271e-01,7.475432676427504752e-01,6.261437947843588869e-01,1.000000000000000000e+00
5.997693258173325548e-01,7.446366934215321587e-01,6.352941218544455593e-01,1.000000000000000000e+00
6.065513331516116935e-01,7.417301192003138421e-01,6.444444489245321206e-01,1.000000000000000000e+00
6.133333404858907212e-01,7.388235449790954146e-01,6.535947759946187929e-01,1.000000000000000000e+00
6.201153478201697489e-01,7.359169707578770980e-01,6.627451030647053543e-01,1.000000000000000000e+00
6.268973551544488876e-01,7.330103965366587815e-01,6.718954301347919156e-01,1.000000000000000000e+00
6.336793624887279153e-01,7.301038223154404649e-01,6.810457572048785879e-01,1.000000000000000000e+00
6.404613698230070540e-01,7.271972480942221484e-01,6.901960842749652603e-01,1.000000000000000000e+00
6.472433771572860817e-01,7.242906738730038319e-01,6.993464113450518216e-01,1.000000000000000000e+00
6.540253844915652204e-01,7.213840996517854043e-01,7.084967384151383829e-01,1.000000000000000000e+00
6.608073918258442481e-01,7.184775254305670877e-01,7.176470654852250552e-01,1.000000000000000000e+00
6.675893991601233868e-01,7.155709512093487712e-01,7.267973925553116166e-01,1.000000000000000000e+00
6.743714064944024145e-01,7.126643769881304546e-01,7.359477196253982889e-01,1.000000000000000000e+00
6.811534138286815532e-01,7.097578027669121381e-01,7.450980466954848502e-01,1.000000000000000000e+00
6.879354211629605809e-01,7.068512285456938216e-01,7.542483737655715226e-01,1.000000000000000000e+00
6.947174284972397196e-01,7.039446543244753940e-01,7.633987008356580839e-01,1.000000000000000000e+00
7.014994358315187473e-01,7.010380801032570774e-01,7.725490279057447562e-01,1.000000000000000000e+00
7.082814431657977750e-01,6.981315058820387609e-01,7.816993549758313176e-01,1.000000000000000000e+00
7.150634505000769137e-01,6.952249316608204444e-01,7.908496820459178789e-01,1.000000000000000000e+00
7.218454578343559414e-01,6.923183574396021278e-01,8.000000091160044402e-01,1.000000000000000000e+00
7.286274651686350801e-01,6.894117832183838113e-01,8.091503361860912236e-01,1.000000000000000000e+00
7.354094725029141077e-01,6.865052089971654947e-01,8.183006632561777849e-01,1.000000000000000000e+00
7.421914798371932465e-01,6.835986347759470672e-01,8.274509903262643462e-01,1.000000000000000000e+00
7.489734867039848920e-01,6.834602264796986182e-01,8.265744048006394840e-01,1.000000000000000000e+00
7.557554932201610010e-01,6.853979426271775699e-01,8.181776348282309153e-01,1.000000000000000000e+00
7.625374997363371099e-01,6.873356587746564106e-01,8.097808648558223465e-01,1.000000000000000000e+00
7.693195062525132188e-01,6.892733749221353623e-01,8.013840948834137778e-01,1.000000000000000000e+00
7.761015127686893278e-01,6.912110910696142030e-01,7.929873249110053202e-01,1.000000000000000000e+00
7.828835192848654367e-01,6.931488072170930437e-01,7.845905549385967515e-01,1.000000000000000000e+00
7.896655258010415457e-01,6.950865233645719954e-01,7.761937849661882938e-01,1.000000000000000000e+00
7.964475323172176546e-01,6.970242395120508361e-01,7.677970149937797251e-01,1.000000000000000000e+00
8.032295388333937636e-01,6.989619556595297878e-01,7.594002450213712674e-01,1.000000000000000000e+00
8.100115453495699835e-01,7.008996718070086285e-01,7.510034750489626987e-01,1.000000000000000000e+00
8.167935518657460925e-01,7.028373879544875802e-01,7.426067050765541300e-01,1.000000000000000000e+00
8.235755583819222014e-01,7.047751041019664209e-01,7.342099351041456723e-01,1.000000000000000000e+00
8.303575648980981994e-01,7.067128202494452616e-01,7.258131651317372146e-01,1.000000000000000000e+00
8.371395714142744193e-01,7.086505363969242133e-01,7.174163951593286459e-01,1.000000000000000000e+00
8.439215779304505283e-01,7.105882525444030540e-01,7.090196251869200772e-01,1.000000000000000000e+00
8.507035844466266372e-01,7.125259686918820057e-01,7.006228552145116195e-01,1.000000000000000000e+00
8.574855909628026351e-01,7.144636848393608464e-01,6.922260852421031618e-01,1.000000000000000000e+00
8.642675974789788551e-01,7.164014009868397981e-01,6.838293152696945931e-01,1.000000000000000000e+00
8.710496039951549641e-01,7.183391171343186388e-01,6.754325452972860244e-01,1.000000000000000000e+00
8.778316105113310730e-01,7.202768332817974795e-01,6.670357753248774557e-01,1.000000000000000000e+00
8.846136170275070709e-01,7.222145494292764312e-01,6.586390053524691091e-01,1.000000000000000000e+00
8.913956235436832909e-01,7.241522655767552719e-01,6.502422353800604293e-01,1.000000000000000000e+00
8.981776300598593998e-01,7.260899817242342236e-01,6.418454654076519716e-01,1.000000000000000000e+00
9.049596365760355088e-01,7.280276978717130643e-01,6.334486954352434029e-01,1.000000000000000000e+00
9.117416430922116177e-01,7.299654140191920160e-01,6.250519254628349453e-01,1.000000000000000000e+00
9.185236496083877267e-01,7.319031301666708567e-01,6.166551554904263766e-01,1.000000000000000000e+00
9.253056561245638356e-01,7.338408463141498084e-01,6.082583855180178078e-01,1.000000000000000000e+00
9.320876626407399446e-01,7.357785624616286491e-01,5.998616155456093502e-01,1.000000000000000000e+00
9.388696691569160535e-01,7.377162786091074897e-01,5.914648455732007815e-01,1.000000000000000000e+00
9.456516756730920514e-01,7.396539947565864415e-01,5.830680756007924348e-01,1.000000000000000000e+00
9.524336821892682714e-01,7.415917109040652822e-01,5.746713056283838661e-01,1.000000000000000000e+00
9.592156887054443803e-01,7.435294270515442339e-01,5.662745356559752974e-01,1.000000000000000000e+00
9.659976952216204893e-01,7.454671431990230746e-01,5.578777656835667287e-01,1.000000000000000000e+00
9.727797017377965982e-01,7.474048593465020263e-01,5.494809957111581600e-01,1.000000000000000000e+00
9.795617082539727072e-01,7.493425754939808670e-01,5.410842257387497023e-01,1.000000000000000000e+00
9.863437147701488161e-01,7.512802916414598187e-01,5.326874557663412446e-01,1.000000000000000000e+00
9.921876206117518082e-01,7.539100492701811262e-01,5.257824196534998107e-01,1.000000000000000000e+00
9.924029224059160992e-01,7.606920557863571242e-01,5.278277866980608524e-01,1.000000000000000000e+00
9.926182242000803901e-01,7.674740623025333441e-01,5.298731537426218940e-01,1.000000000000000000e+00
9.928335259942447921e-01,7.742560688187094531e-01,5.319185207871830467e-01,1.000000000000000000e+00
9.930488277884090831e-01,7.810380753348855620e-01,5.339638878317440884e-01,1.000000000000000000e+00
